
G:\home\Documents\0-CR\2023
гроши2023.txt

2024 01 01
3 29	599140	15642	254.18	46.62			42406	3810	81.73
23 35	601938	1367	262.20	43.64			43593	3566	83.99
2024 01 02
8 41	602862	1101	272.71	60.76			45224	5103	83.99
2024 01 04
13 52	611070	5190	261.96	57.64			42856	4897	84.97
2024 01 06
6 27	618667	22333	271.35	57.47			43821	4942	86
2024 01 07
11 07	623294	4675	274.28	50.12			43886	4552	90.38
2024 01 08
5 40	626030	14008	272.08	44.69			43575	3904	87.35
21 34	628071	8151	288.25	48.02			45877	
	-0,00011691			-5
		616380			282.89	
2024 01 09
22 09	619420	4275	288.31	43.75			46523	3662	83.9
2024 01 10
13 33	621175	6637	283.18	42.96			45568	3688	85.86
20 08	621771	21302	281.32	42.66			45222			84.15
2024 01 12
15 28	626981	5205	288.20					46061
16 12	627190	4854	287.23	43.57			45940	3849	88.35
2024 01 13
4 47	628481	15777	267.31					42505
22 48	630855	8825	270.31	47.72			42827	4199	87.99
2024 01 14
21 19	634122	11022	272.29	44.51			42921	3912	87.9
2024 01 15
16 28	636403	5360	271.42	44.08			42576	3859	87.54
19 19	637010	2353	269.19	47.37			42242	4150	87.62
2024 01 16
16 59	638716	27657	274.39					42884
21 38	639492	22021	274.78	45.75			42896	4005	87.55
2024 01 17
20 59	643103	9144	272.36					42321
2024 01 20
3 05	649510	17665	270.02	37.75			41551	3338	88.43
21 32	651550	11600	270.51					41549
2024 01 21
17 14	653710	15242	273.12					41700
2024 01 22
22 40	657020	19873	261.05	36.88			39713	3187	86.43
2024 01 24
1 36	659893	9893	259.43					39297			87.54
2024 01 25
13 24	662645	44729	264.84					39999			87.14
23 38	663953	22384	264.88					39872
2024 01 25
16 43	665422	18871	273.38					41064











		














		

























	





		





		
















	


		

























































































































































	











































		























































































































































































































































































































































































	









































































































































































































































































































































































		












	

















		
































		
	
		












		
		
		
		

		



























		




















































































































































































 









































	











