
G:\home\Documents\0-CR\2022\
гроши2022.txt

k1

2023 02 16
18 26	315870	5	77.66														15.41kaw

2023 02 18
6 21	295654	3	72.62														14.94
17 51	296443	9	72.88														14.55
		789c 11.5h 1646c24 49398cm 

2023 02 19
4 51	297317	6	73.57														14.23












































































































































































































































































































































		












	

















		
































		
	
		












		
		
		
		

		



























		




















































































































































































 









































	











