
		
k2
24 01 2022
16 22	12308	6		4.28	31911.72	3.85
		-12307 
26 01 2022
5 24	5421	13		2.17	35152.65 	1.87
30 01 2022
4 38	17687	525		6.93	36060.59	6.26
1 02 2022
3 55	24124	501		9.43	36441.27	8.62
16 05	25333	536		10.16	36734.53	9.13
2 02 2022
9 15	27716	540		11.03	36526.84 	9.93
15 25	28864	521		11.44	36718.19	10.40
04 02 2022
18 13	35643 	521		13.82	36701		12.83
6 02 2022
8 21	40757	553		17.40	39446.43	15.77
7 02 2022
6 53	44422	499		19.22	40701.16	17.73
8 02 2022
5 20	46161	518		20.64	41849.10	18.95
21 34	48133 	520		20.95	41006.96	19.36
		-10000
		38133			16.63
10 02 2022
21 56	38133	520		17.38	42870.65 	16.04
11 02 2022
19 50					16.75	41307.13	15.45
12 02 2022
12 10					16.29	40183.26	15.03
14 02 2022
13 53					16.22	40022.53	14.97
15 02 2022
15 53					17.03	42032.39	15.72
18 41	-0.00038133		17.01				15.70

2022 03 02
21 35	22853			10.17	41640.91 	9.34
2022 03 17
6 13	68504	524		28.44	38978.98	26.19


k1                                          adv u  	qr		курс=
2022 03 18
2022 03 20
21 21	6486	1350	2.95	39090.54	2.49	206.68	83
2022 03 22
6 38	11341 			4.97	40166.51	4.47	418.21	93.55
2022 03 23
1 56	14113	1361	6.22	40387.69	5.59	530.24	94.85
5 49	14113	1381	6.44	40337.38	5.58	529.52	94.89
13 56	15678	1358	6.94	40111.31	6.17	590.60	95.72
0 00	17397	1351	7.56	40240.11	6.87	618.18	89.98
2022 03 25
1 05	20666 	1369	9.40	41814.67 	8.47	779.30	92
2022 03 25
22 39	27344	1357	12.39	42113.91	11.30	1042.46	92.25
2022 03 28
2 17	31022	1405	15.08	44304.69	13.48	1242.94	92.20
13 32	32942	1397	16.14	44863.63 	14.50	1318.77	90.94
2022 03 29
5 54	35753	1353	17.33	45096.10	15.81	1396.78	88.34
		-10000			12.58
10 05	25753 	1419	12.94	45170.24	11.41	980.88	85.96
		
2022 03 30
9 50	2002	1390	1.56	45001.97	1.14
2022 04 2
11 44	2572	1356	1.38	42981.14	1.09			86.72
10 11	5902	1392	3.17	44294.62	2.56			87.34
2022 04 3
15 14	10961	1377	5.39	43896.55	4.72			87.61
21 56	15716	1356	7.37	43214.36	6.66			87.03
2022 04 4
9 38	17400	1354	8.43	44352.32	7.57			86.86
12 36			1369	8.64	44323.24	7.56			86.98
2022 04 6
13 36	4574	1358	2.27	43127.58	1.93			87.62
2022 04 7
12 15	2981	1365	1.44	41204.68 	1.21			82.76
		-2981
20 04	797		1375	0.5		797/8h=99.6sh=2391s24
2022 04 8
8 25	2511	1370	1.23	41398.71	1.02			82.22
17 22	4143	1362	1.89	41100.35 	1.67			80.79
9h1632s=4352s24 1.78$24 *80=143r =4290rm
2022 04 9
4 20	5786	1388	2.66	40261.32	2.29			82.16
14 59	7112	1392	3.29	40341.15 	2.82			82.02
23 52	8820	1375	3.90	40365.40	3.49			82.36
2152s24 

                                                    advru			rs
2022 04 10
12 18	10817	1369	4.77	40426.35	4.29	352.73	82.22	0.032608856429694
16 22	11403	1366	5.03	40522.11	4.53	372.96	82.33
2022 04 11
4 09	13466	1365	5.80	40199.75 	5.31	437.52	82.39	0.0324907173622457
13 28	14808	1383	6.33	39518.61 	5.74	480.56	83.72
2022 04 12
12 27	17235	1363	7.03	38075.55 	6.43	542.51	84.37	0.0314772265738323

19 40	17484	1385	7.16	38005.28	6.51	554.70	85.20
2022 04 13
15 46	20879	1370	8.39	37704.24	7.72	655.68	84.93
22 39	22033	108		9.16	39117.01 	8.46	713.98	84.39
2022 04 14
3 42	22641	106		9.43	39181.22	8.70	734.62	84.43
13 33	24178	101		10.01	39075.97	9.27	780.98	84.24
2022 04 15
2 22	26038	115		10.49	37882.69	9.67	815.61	84.34
15 25	27946	103		11.35	38186.10	10.47	867.33	82.83
21 13	28870	119		11.81	38429.82	10.88	903.95	83.03
2022 04 16
15 47	31785	109		12.94	38399.29	11.98	986.70	82.36
18 25	32138	116		13.06	38234.31 	12.05	993.12	82.41
2022 04 17
0 43	33075	112		13.46	38347.34 	12.44	1026.95	82.55
2 58	33459	107		13.61	38377.36	12.59	1036.67 82.34

4 14	33459	111		13.63	38353.62	12.58	1036.79	82.41
7 07	33886			13.75	38251.58	12.71	1046.55	82.34
16 03	35287	114		13.29	38397.02	13.29	1091.99	82.16 1401s 9h56m 596m 3384d
19 17	35806			14.63	38409.07	13.49	1111.53	82.39 519s 3h14m 194m 3852d

21 13	36061 	118		14.51	37945.31 	13.42	1109.83	82.69
2022 04 17
0 46	36654	119		14.85	38196.79	13.73	1131.26 82.39
2022 04 18
16 08	38708	121		15.41	37397.94	14.20	1169.41 82.35
23 17	39914	124		16.48	38815.07 	15.19	1253.05	82.49 7h9m 429m 4048d
2022 04 19
17 30	32904	123		13.76	39441.60	12.73	1030.00	80.91
20 23	33122	120		13.81	39199.56	12.73	1032.09 81.07 3h53m 233m 1347
				60m*24h=1440md
2022 04 20
3 51	34308	119		14.28	39266.76	13.26	1074.10	81r
13 10	35815	119		15.03	39469.21 	13.87	1117.14	80.50r
14 18	35949	130 	15.18	39685.26	14.00	1127.03	80.50
19 34	36868	119		15.27	38994.26	14.10	1150.64	81.60
20 42	36987	120		15.44	39263.58 	14.24	1162.19 81.61
2022 04 21
12 48	393961	129		16.71	39654.19	15.32	1255.31	81.93

2022 04 23
18 12	7055	121		2.96	37701.05	2.61	201.97	77.38
2022 04 24
0 09	7957			3.31	37785.04	2.95	232.54	78.82
2022 04 25
14 39	13796	124		5.45	36700.53	4.96	379.58	76.52
19 51	14517	120		5.86	37473.67 	5.34	401.98	75.27
2022 04 26
15 40	17588	117		7.24	38509.73 	6.64	498.65	75.09
19 48	18054	119		7.09	36592.84	6.48	490.77	75.73
2022 04 27
3 46	19396			7.50	36116.78 	6.88	520.97	75.72
15 56	21312			8.4		37010.16	7.74	583.36	75.36
2022 04 28
1 54	22815	117		8.97	37110.44	8.31	622.34	74.89
		-10000
20 36	15384	124		6.30	38031.58 	5.74	421.00	73.34
2022 04 29
20 56	19326 	120		7.55	36697.21 	6.95	502.97	72.36
23 24	19559	123		7.66	36459.33 	6.99	504.39	72.15
2022 04 30
7 38	20833	119		8.15	36666.30	7.49	545.38	72.81
8 24			124		8.21	36661.38			545.76	72.86	k
21 28	22903	122		8.88	36353.43	8.17	596.81	73.04
2022 05 1
13 50	25766	123		9.89	36129.19 	9.13	663.89	72.71
		-10000			
14 09	1576	125		6.11	36143.02	5.59	406.72	72.75
2022 05 2
4 16	17794 	125		7.02	36741.07	6.41	472.54	73.71
6 17	18118	127		7.12	36712.88	6.52	481.07	73.78
22 42	20396	133		8		36513.67	7.31	524.70	71.77
2022 05 3
11 46	22430	129		8.78	36650.27	8.06	573.31	71.13
2022 05 4
4 04	24945	122		9.56	36051.51	8.82	606.77	68.79
13 25	26189	115		10.30	36947.84	9.49	639.73	67.41
21 33	27401	119		10.79	36867.83	9.91	657.24	66.32
2022 05 5
2 58	28409 	116		11.37	37695.52 	10.51	706.92	67.26
8 04	29210			11.69	37748.36	10.82	729.42	67.41
21 05	31042	118		11.5	34933.17	10.63	706.07	66.42		v
		-10000
21 44	21154	116		7.75	34451.01	7.15	472.79	66.12
2022 05 6
1 29	21645	119		7.97	34588.22 	7.35	483.24	65.74
3 40	21954	125		8.10	34592.48	7.44	487.77	65.56
10 58	23151	120		8.39	34071.71 	7.74	513.97	65.97
21 03	24703	121		8.97	34109.75	8.27	573.25	69.31
23 27	24949	119		9.08	34083.96	8.34	579.45	69.47
2022 05 7
3 51	25578	120		9.29	34193.46	8.58	599.87	69.91
6 13	25937			9.43	34131.90	8.68	604.39	69.63
17 51	27813 	121		10.09	34120.06 	9.31	644.71	69.24

2022 05 8
5 44	28812	129		10.04	32784.93	9.27	641.24	69.17
		-10000
5 49	18812			6.59				6.05	418.68	69.20
15 12	20138 	132		7.1		33032.80	6.52	444.47	68.17
15 47	20234	130				32893.80	6.53	445.75	68.26
21 24	20965 	136		7.27	32383.47	6.66	450.92	67.70
2022 05 9
2 33	21655	143		7.56	32498.83 	6.91	468.33	67.77
3 51	22077	138		7.60	32477.34	7.03	487.75	69.38
5 10	22210	143		7.64	32264.98	7.03	482.20	68.59
		-10000
5 20	12210	145		4.27	32264.98	3.86	265.08	68.67
15 31	13941	152		4.74	31268.47 	4.28	303.21	70.84
2022 05 10
17 39	19087	135		6.12	29969.42	5.61	396.54	70.68
		-
17 57	152		137		0.13	29748.25	0.05	3.14	*62.8

2022 05 11
3 28	1756			0.67	29683.93	0.51	36.39	71.35
20 08	4947	151		1.66	28704.28	1.39	95.53	68.72
23 32	5683	147		1.79	27609.69	1.54	104.36	67.76
23 45	=0		150		0.14	
2022 05 12
17 19	3493	149		1.11	26757.37	0.91	60.78	66.79
18 05	3675	151		1.19	27505.38 	0.99	65.22	65.87
2022 05 13
9 03	3049	134		1.02	29034.09	0.87	56.97	65.48
		-
19 14	1912	140		0.68	28888.66 	0.54	35.57	65.87

2022 05 16
8 45	1843	152		0.71	28881.80	0.52	35.01	67.32
13 50	2886	147		0.96	28432.03	0.80	52.05	65.06
		-
2022 05 17
9 43	2287	142		0.85	28803.03	0.65	42.08	64.73
18 44	4154	138		1.35	28531.28 	1.16	77.02	66.39
		-
18 50	164		137		0.11
2022 05 18															btc ru
16 15	3845	149		1.24	28079.85	1.06	68.94	65.03	1827945.41
22 21	4854	147		1.55	27789.88 	1.32	86.68	65.66	1820582.73 
2022 05 19
18 14	3298 	133		1.08	28316.30 	0.91	57.80	63.51	1787253.52
20 18	3706	138		1.20	28645.86 	1.04	65.43	62.91	1800528.18
21 40	0
2022 05 20
15 19	2731	138		0.92	28765.75	0.77	46.80	60.77	1747601.65
2022 05 21
0 54	4128	139		1.3		27682.27 	1.12	69.73	62.25	1725827.67
		0
19 56	3366	136		1.08	28011.11	0.92	56.78	61.71	1720436.65
23 39	3930	143		1.26	27994.58	1.08	66.13	61.23	1716026.96
		
2022 05 22
14 40	2591 	140		0.89	28453.35	0.73	44.76	61.31	1761112.62
22 13	4065	143		1.31	28489.74	1.14	70.25	61.62	1761925.59 

2022 05 24
7 14	5800	149		1.81	27794.35	1.58	93.75	59.33	1647860.19
													-50.1
7 22	2700	144		0.9

2022 05 25
5 25	3371 	153		1.13	28275.00	0.93	54.75	58.87	1656355.73 
7 07	3853	139		1.24	28638.21	1.08	62.23	57.62	1646956.64
		-
20 31	2218	141		0.76	28125.83	0.61	37.14	60.88	1706734.70		
2022 05 26
2 21	3250	?		0.9		28232.04	0.9		55.59	61.76	1743706.48
22 46	3631	142		1.15	27997.98	1.00	63.32	63.32	1778196.34
		-
2022 05 27
19 22	3238	148		1.03	27338.58	0.87	58.82	67.60	1852021.64 
		-
2022 05 29
0 52	4614	142		1.44	27524.96	1.25	83.68	66.94	1849268.01
2022 05 30
0 45	8414			2.58	27721.80	2.29	154.14	67.31	1867947.46
2022 05 31
7 08	5125	140		1.74	30130.30	1.51	95.87	63.49	1907533.84 
9 24	5400	147		1.84	29937.27	1.59	100.40	63.14	1895918.22
2022 06 01
5 06	3413	142		1.18	30265.79 	1.01	64.37	63.73	1923451.52 
7 01	3668	143		1.26	30009.35	1.08	67.95	62.91	1888655.96 
		-
2022 06 01
8 38	4254			1.4		28208.14	1.18	75.02	63.57	1798237.87
		-
2022 06 02
21 01	1995	152		0.72	28661.50	0.56	36.36	64.92	1858278.91
2022 06 03
14 25	4788	145		1.53	28188.95	1.32	83.33	63.12	1774372.92
22 24	6134	140		1.90	28046.33	1.69	108.88	64.42	1809891.93
23 06	6281	143		1.94	28086.56	1.73	111.66	64.54	1812487.98
2022 06 04
0 09	6423	140		2		28153.03	1.78	114.37	64.25	1815354.82
4 06	7061	141		2.2		28196.96 	1.95	125.89	64.55	1817903.05
6 19	7462	143		2.29	28084.35 	2.06	132.53	64.33	1810642.77
7 13	7586	142		2.35	28143.45 	2.09	135.01	64.59	1814453.19
		-
2022 06 05
17 26	5146	147		1.65	28165.07	1.42	91.08	64.14	1804462.03
		-
2022 06 06
6 39	1966	149		0.76	29476.20	0.57	35.88	62.94	1861655.10
8 52	2365	147		.88		29566.68	0.69	45.30	65.65	1863784.33
20 02	4158	146		1.41	29715.29	1.22	75.59	61.95	1853633.79
2022 06 07
3 49	5444			1.75	28778.85	1.54	96.36	62.57	1804815.87
		-
2022 06 07	
8 26	4566			1.48	28738.26	1.28	80.24	62.68	1791815.44
13 31	5477	143		1.73	28887.00	1.55	96.02	61.94	1787661.91
2022 06 09
2 14	7336 	147		2.32	28772.16	2.07	127.56	61.62	1772995.47
		-
18 08	2327	142		0.78	28584.16	0.66	39.07	59.19	1711439.34
2022 06 10
17 57	6009	145		1.86	28048.66 	1.66	97.90	58.97	1660953.28
21 41	6649	143		2		27505.21	1.79	105.67	59.03	1620433.61
		-
2022 06 10
22 43	3896	140		1.18	27191.77 	1.04	61.41	59.04	1606913.96
		-
2022 06 12
22 46	3127	151		0.94	26119.63	0.80	47.13	58.91	1537220.21 
2022 06 13
4 41	3884 	142		1.08	24723.61	0.94	58.24	61.95	1529262.47 
		-
19 04	2092			0.55	22087.51	0.45	26.41	58.68	1286748.77
2022 06 14
1 30	2966	151		0.76	21740.52	0.63	38.35	60.87	1266314.46
6 31	3866	158		0.91	20656.78	0.78	45.45	58.26	1199015.62
8 50	4120	150		1.03	21737.03	0.88	50.70	57.61	1254689.14
		-
21 03	1969	154		0.51	21270.04	0.41	24.33	59.34	1260189.76
22 47	2200	145		0.56	21147.94	0.46	26.96	58.60	1249322.82
2022 06 15
2 58	2894	146		0.7		21065.07	0.60	35.15	58.58	1238892.20
10 54	4134	133		0.91	19974.62	0.81	47.31	58.40	1166686.24
20 18	5338	142		1.16	19589.98	1.03	59.79	58.04	1142240.48
		-
2022 06 15	
6 15	1696	135		0.43	21292.48	0.35	20.53	58.65	1234838.88
2022 06 17
0 07	438		147		0.97	19581		0.84	48.99	58.32	1140133.94
5 29	5068	152		1.13	19672.19	0.98	57.54	58.71	1157768.52
23 22	2526	148		0.6		19534.22	0.48	28.19	58.72	1138199.48
2022 06 18
8 16	3928	140		0.86	19375.19 	0.75	43.40	57.86	1126584.07
20 33	5310	138		1.04	17885.98	0.93	54.66	58.77	1049752.78
		-
2022 06 20
1 35	4514	133		0.97	19666.55 	0.87	51.05	58.67	1153064.84
13 45	6077	147		1.32	19664.43	1.18	68.24	57.83	1144793.12 *
17 26	6618	148		1.44	19549.121	1.27	73.67	58.00	1135116.78
19 39	7128	144		1.51	19469.41	1.36	78.00	57.35	1115732.52
		-
22 35	493		141		0.15	19019.01	0.09	5.28	58.66	1092035.76
2022 06 22
0 29	4254	145		0.96	19822.64	0.82	45.49	55.47	1090303.94
10 46	5897	138		1.23	19160.78	1.11	60.02	54.07	1037635.09
12 59	6131	146		1.31	19362.39	1.17	64.03	54.72	1064988.77
2022 06 23
0 11	7323	151		1.51	18943.11 	1.36	75.02	55.16	1044415.83
		-
19 39	4548	151		.98		19269.27	0.86	47.26	54.95	1059672.02
21 48	4989	152		1.08	19373.59	0.95	52.36	55.11	1070107.76
		-
2022 06 24
18 33	5116	153		1.13	19881.72	1		54.72	54.72	1090740.80
		-
2022 06 25
22 35	6776			1.49	20102.45	1.33	75.80	56.99	1140431.04
2022 06 26
2 46	-7000
20 19	5194	155		1.2		20251.51	1.03	58.57	56.86	1149910.58
		-
2022 06 27
3 37	2062	151		.47		19988.96	0.40	22.83	57.07	1128943.19
14 12	4413	156		1.05	20332.87 	0.88	48.19	54.76	1113231.20 
15 03	4695	155		1.08	20213.72	0.93	51.12	52.05	1110180.57
		-
23 48	2145	154		0.52	19852.57	0.42	23.22	55.28	1103585.60
2022 06 28
14 20	5746	176		1.34	19901.82	1.12	61.87	55.24	1098078.14
15 43	6377	159		1.42	19958.64	1.25	68.76	55		1099196.21 
16 59	6641			1.48	19980.93	1.30	71.42	54.93	1096385.23
		-
2022 06 29
6 20	3208	161		0.75	19320.52	0.61	32.92	53.96	1046480.73
14 32	5527	158		1.17	18968.92	1.03	54.03	52.45	 996766.86
18 49	6516			1.37	19019.29	1.22	65.90	54.01	1030933.69
2022 06 30
6 17	9388	151		1.96	19047.17 	1.76	94.05	53.43	1021281.61 
8 24	9855	152		2.06	18970.83	1.83	98.88	54.03	1022939.32
9 09	10116	150		2.09	18954.11	1.88	101.24	53.85	1020313.92
16 39	12017	149		2.35	18217.59	2.15	116.86	54.35	 991528.19
19 12	12557	150		2.46	18112.35	2.23	122.96	55.13	 998429.43
22 41	13642	149		2.63	17992.06	2.40	133.38	55.57	 996823.56
2022 07 1
1 04	14186	151		2.74	17878.32	2.49	137.78	55.33	990225.87
		-
9 10	2364			0.54	18414.65	0.43	22.95	53.37	989971.83
21 21	5895	153		1.25	18473.57	1.07	60.93	56.94	1053996.99
2022 07 2
6 12	8691	151		1.74	18194.65 	1.55	86.95	56.09	1020065.06
19 50	12615	150		2.5		18310.24	2.27	128.13	56.44	1035612.30
21 50	13220	149		2.6		18279.57	2.37	133.77	56.44	1031660.89
2022 07 3
3 53	14875	150		2.92	18232.32	2.66	150.01	56.39	1028256.95
4 40	15175	149		2.97	18230.27	2.72	153.00	56.25	1027957.38
		-
16 29	3296	153		0.72	18072.45	0.59	33.06	56.03	1022345.63
19 13	4129	152		0.87	18067.63	0.74	41.30	55.81	1019881.58
2022 07 4
4 44	7123	148		1.41	18198.95	1.28	71.19	55.61	1019019.05
19 11	11334	150		2.32	18757.92	2.09	119.29	57.07	1073064.03
19 57	11607	152		2.36	18704.27	2.13	121.64	57.10	1068482.71
		-
2022 07 5
1 59	1903			0.46	19030.36	0.35	20.45	58.42	1095764.40
7 13	3393 	153		0.78	19267.95	0.64	36.41	56.89	1094062.72
10 00	3996	157		0.95	19345.81	0.76	43.59	57.35	1112363.84
12 03	4915	152		1.06	18822.78	0.91	54.57	59.96	1131934.64
12 30	4915	154		1.08	18853.62	0.91	54.94	60.37	1139505.38
21 45	8355	157		1.73	18825.11	1.54	97.75	63.47	1192949.42
		-
2022 07 6
10 11	3541	159		0.82	19091.02	0.67	42.95	64.10	1237001.78
13 11	4438			1		19137.26	0.83	54.55	65.72	1253148.43
22 03	7620			1.66	19357.23	1.45	93.91	64.76	1256402.68
2022 07 7
8 02	11048	152		2.34	19369.46	2.10	137.03	65.25	1264438.70
		-
2022 07 7
1 11	4980	153		1.18	20532.88 	1		64.95	64.95	1330012.45
2022 07 8
22 05	11372			2.56	20575.80	2.30	150.60	65.47	1350257.83
23 24	11696	155		2.67	20696.81	2.37	155.43	65.58	1354852.84
		-
2022 07 10
2 22	8069	154		1.85	20527.62	1.63	105.91	64.97	1338176.46
700		9571	151		2.12	20223.81	1.90	123.79	65.15	1318575.74
		-
2022 07 10
2 55	5792	152		1.3		19797.18	1.13	73.44	64.99	1292560.09
3 50	6123			1.35	19697.51	1.19	79.34	66.67	1321284.27
4 04					1.36	19760.52			79.61	66.89	1325710.63
5 38	6451	155		1.44	19490.17	1.24	82.28	66.35	1300483.09
		-
20 06	4503	152		1.01	19414.71 	0.85	55.43	65.21	1255228.94
2022 07 12
5 09	7226	153		1.52	18870.21	1.33	87.66	65.90	1236996.27
6 13	7528			1.59	18914.35	1.39	91.53	65.84	1239507.62	
8 47	8354	151		1.74	19021.03	1.56	98.28	63		1199406.09
9 28					1.73	18892.62	1.55	97.37	62.81	1188254.59
14 03	190		149		0.08	18612.64	0.04	2.21	55.25	1189265.91
9 06	5401	153		1.14	18529.43	0.98	62.27	63.54	1175522.87
9 41 	5685	151		1.17	18487.22	1.03	65.56	63.65	1175647.10
		-
2022 07 14
5 46	5203	152		1.13	19251.07 	0.98	61.59	62.84	1206714.03
13 20	7657	150		1.56	18801.41 	1.41	89.03	63.14	1185558.14
17 58	8961	152		1.84	18782.13	1.65	104.13	63.10	1184721.87
2022 07 15
7 05	12886	153		2.75	19573.45 	2.47	156.12	63.20	1235229.24
		-
23 30	4926	155		1.17	20048.43	0.97	60.21	62.07	1245957.78
2022 07 16
8 27	8167	149		1.73	19699.27	1.58	97.61	61.77	1218485.41
9 58	8477	152		1.82	19493.33	1.62	100.30	61.91	1206338.14
		-
20 16	3473	149		.79		20345.23	0.70	42.40	60.57	1244871.39
2022 07 17
8 54	7403	151		1.66	20260.31 	1.47	90.02	61.23	1239880.24
2022 07 18
7 49	7885			1.76	20225.50	1.56	95.48	61.20	1234684.14
12 03	9249	153		2.19	21178.74	1.92	116.67	60.76	1286241.21
18 46	11788			2.72	21219.85	2.45	148.81	60.73	1287021.92
2022 07 19
6 12	15754	155		3.61	21062.50	3.26	196.35	60.23	1270667.96 
7 09	16093			3.65	20799.67	3.29	198.39	60.30	1256913.65
8 38	16486	158		3.8		20908.81	3.38	204.51	60.50	1264776.71
13 14	18300	157		4.15	20829.26	3.82	225.86	59.12	1232811.77
17 42	19774	158		4.56	21159.66	4.10	245.80	59.95	1267334.48
2022 07 20
9 16	25301	157		6.10	22364.67	5.55	330.91	59.62	1333405.45
10 50	25996	155		6.21	22315.12	5.69	331.94	58.33	1301812.70
		-
10 54	10996			2.69				2.40	140.39	58.49	1301812.70
23 00	15326	157		3.75	22476.53	3.37	191.93	56.95	1276705.28
2022 07 21
10 12	19126	158		4.50	21642.54	4.06	230.41	56.75	1228239.3
12 31	19890	160		4.73	21792.01	4.25	244.29	57.48	1252136.78
15 43	21269	155		4.93	21604.84	4.50	266.80	59.28	1278934.10
16 09	21639	153		4.97	21551.22	4.57	268.80	58.81	1266395.57
18 45	22395	155		5.16	21485.19	4.72	277.15	58.71	1261647.07
23 12	23926	158		5.70	22033.24	5.17	305.67	59.12	1302512.53
2022 07 22
9 45	27559	160		6.57	22005.07	5.94	354.73	59.71	1294620.94
13 05	29008	157		6.95	22276.56 	6.34	380.84	60.06	1338507.35
15 35	30188	155		7.24	22470.03	6.65	398.36	59.90	1345363.92
16 09	30188	158		7.27	22416.87	6.64	399.09	60.10	1347844.07
		-
22 55	23293	156		5.39	21538.19	4.92	294.22	59.8	1287830.16
2022 07 23
14 46	28755	150		6.48	21124.54	5.95	357.22	60.03	1266512.19
17 17	29707	149		6.69	21194.46	6.18	370.08	59.88	1270061.34
18 36	30116	150		6.76	21059.41 	6.22	374.05	60.13	1266224.96 
20 20	30834	149		6.87	20987.44	6.35	381.64	60.10	1261897.66
21 41	30834	155		7.01	21114.47	6.39	383.95	60.08	1269535.63 
23 04	31526	152		7.13	21163.89	6.54	393.50	60.16	1272507.02 
2022 07 24
11 01	35721			8.23	21560.37	7.55	452.37	59.91	1291117.09
11 38			155		8.26	21489.88	7.53	452.33	60.07	1291021.54
13 25	36913	149		8.41	21487.61	7.78	466.92	60.01	1289582.54
14 30	37253			8.55	21606.55	7.90	473.17	59.89	1294974.19
17 03	37902	151		8.66	21430.26	7.96	478.72	60.14	1287656.55
21 46	39721	150		9.10	21569.31 	8.41	503.99	59.92	1293614.26
2022 07 25
9 28	43611	154		9.71	20832.12	8.91	533.55	59.88	1247295.98
10 25	43937			9.8		20891.38	9.00	539.53	59.94	1251899.83
12 42	45101	150		10.01	20907.36	9.25	559.93	60.53	1265745.10 
13 42			156		10.12	20931.97	9.26	564.81	60.99	1276753.53
15 14	45890	153		10.2	20844.06	9.39	568.78	60.57	1263597.87
16 48	46639	151		10.3	20787.51	9.50	574.65	60.48	1256178.72
22 08	48367	152		10.67	20732.25	9.84	598.65	60.83	1261848.23 
2022 07 26
14 00	53802			11.44	20022.75	10.56	651.35	61.68	1234244.64
19 18	55541	155		11.65	19718.86	10.74	678.91	63.21	1246198.75
		-
22 08	41086			8.72	19882.56	8.01	505.98	63.16	1255540.16
23 39	41819	152		8.81	19838.46	8.14	512.80	62.99	1250149.13
2022 07 27
13 33	46840	148		10.02	20203.43	9.28	586.24	63.17	1276006.50
15 40	47624	147		10.18	20219.27	9.45	586.97	62.11	1256574.76
20 53	49325	151		10.76	20579.77	9.96	621.89	62.43	1285425.85
21 40	49688	150		11		20896.86 	10.18	634.48	62.32	1301852.98
2022 07 28
0 21	50849	148		11.58	21567.59	10.76	669.07	62.18	1341458.85
1 12	36684	153		8.45	21552.38	7.76	481.56	62.05	1338334.75
15 32	42379	149		9.81	21877.76	9.09	565.54	62.21	1360529.58 
16 58	42730	151		9.87	21736.45	9.11	572.34	62.82	1365579.90
		-
19		29410	152		7.09	22546.57	6.50	408.68	62.87	1416703.07
21 26	30597	149		7.35	22621.29 	6.79	428.30	63.07	1427113.00
2022 07 29
5 01	33192	152		8		22600.18	7.36	464.85	63.15	1427836.78
16 07	37390	159		8.9		22312.20 	8.18	520.77	63.66	1420014.69
17 26	38143	149		9.24	22868.47	8.55	548.74	64.18	1466740.72
20 40	39133	151		9.38	22561.76	8.66	549.58	63.46	1431793.39
21 45	39523			9.55	22743.15	8.82	559.33	63.41	1442844.77
2022 07 30
0 46	40681			9.77	22627.22 	9.02	572.52	63.47	1434804.21
3 11	41393	154		9.97	22566		9.16	581.25	63.45	1431606.63
17 28	46852 	149		11.56	23318.90	10.72	679.09	63.34	1477721.71 	.
2022 07 31
4 42	50816	150		12.12	22522.46 	11.22	712.75	63.52	1429982.31
7 21	51492	153		12.36	22566.79	11.40	723.14	63.43	1431776.18
16 39	55180	150		13.16	22529.88	12.19	773.61	63.46	1429314.91
22 20	57008	154		13.74	22663.71	12.67	803.22	63.39	1436430.72
2022 08 01
18 09	64849	153		15.27	22193.89	14.11	887.34	62.88	1394991.14
		-
18 51	42216	152		9.95	22159.29 	9.17	580.45	63.29	1401773.51
21 12	42968	153		9.98	21802.12	9.19	578.12	62.90	1371688.65
2022 08 02
0 53	44355	151		10.29	21859.01 	9.51	595.35	62.60	1368420.21
2 44	45079			10.62	22200.29	9.82	612.92	62.41	1386195.73 
3 53	45440	152				22009.46	9.81	612.22	62.40	1373613.27
4 41					10.64	21966.94	9.79	611.03	62.41	1370959.52
5 48	45803	155		10.63	21755.36	9.77	614.43	62.88	1367647.51 
7 08	46581	152		10.76	21730.47	9.93	620.04	62.44	1357079.35
8 13	46923	151		10.84	21761.08	10.01	623.95	62.33	1355692.96
20 33	47615	171		11.6	22243.51	10.39	645.83	62.15	1382825.33
		-
20 48	33875			8.3		22045.16	7.33	454.62	62.02	1368266.94
22 34	34277	175		8.42	21893.68	7.36	457.16	62.11	1359749.87
2022 08 03
0 27			198		8.81	21872.15	7.36	456.33	62.00	1357307.53
1 12			208		9.02	21937.01 	7.38	458.66	62.14	1364214.36
2 05			219		9.21	21935.91			460.79	62.43	1370574.39
3 23	34576	221		9.26	21821.54	7.40	459.77	62.13	1355710.72
4 12	34576			9.18	21655.92	7.35	457.55	62.25	1349141.12
5 31			227		9.27	21596.85	7.33	455.41	62.12	1342842.69
6 56	35651	223		9.49	21683.80	7.58	470.23	62.03	1344742.56
12 47	37147	233		10.25	22198.63	8.09	500.23	61.83	1372857.16
14 47	40356	206		10.49	22187.04	8.78	546.15	62.20	1379763.09
20 28	42901	197		10.98	22264.01	9.41	586.05	62.27	1392717.88
22 54	46946	157		11.22	22319.67	10.28	641.13	62.36	1392296.82
2022 08 04
19 03	54571	152		12.61	21774.22	11.65	724.69	62.20	1353871.01
2022 08 05
0 07	56435	153		12.81	21373.01	11.83	739.94	62.54	1336700.06
0 43	56822	151		12.88	21378.23	11.92	745.54	62.54	1337674.64
1 53	57189	152		13.02	21476.67	12.05	744.20	61.75	1326689.03
4 24	58342	149		13.27	21526.56 	12.32	758.10	61.53	1324767.40
4 47	58342	151		13.36	21624.50	12.38	760.55	61.43	1329046.52
5 03			152		13.46	21751.92	12.45	765.03	61.44	1336877.99
16 41	62635	151		14.49	21853.16	13.43	824.60	61.39	1342216.99
18 25	63039	154		14.7	21950.36	13.58	832.93	61.33	1347077.93
21 33	64519	150		14.79	21678.75	13.72	842.49	61.40	1331285.25
22 38	64862	151		14.92	21739.84	13.83	849.37	61.41	1335036.93
2022 08 06
22 14	73594	154		17.22	22036.50	16.00	986.91	61.68	1359044.37
		-
22 20	50904	149		11.85
2022 08 07
3 52	52845	152		12.28	21889.02	11.35	699.85	61.66	1350170.36
4 23	53232	149		12.24	21749.27	11.36	700.00	61.61	1340670.94
22 07	59786	153		14.01	22053.93 	12.93	797.72	61.69	1360342.40
2022 08 08
2 08	61301			14.37	22080.03 	13.28	815.30	61.39	1355928.08
		-
12 55	51095			12.43	22901.53	11.48	698.23	60.82	1393184.80
14 33	51933	150		12.56	22848.75 	11.64	712.51	61.21	1398747.86
23 41	55688	151		13.43	22761.32	12.44	776.18	62.39	1420996.91
2022 08 09
0 16	56067	149		13.42	22655.92	12.46	777.71	62.41	1414187.89
2 17	56806	148		13.61	22686.47	12.64	788.53	62.38	1415177.47
8 59	59039	153		14.2	22680.10	13.13	808.53	61.57	1396215.75
17 48	62542			14.52	21910.82	13.44	825.15	61.39	1345093.99
19 15	62950	155		14.64	21904.69	13.53	830.98	61.41	1345824.24
21 04	63661	154		14.79	21896.59	13.67	840.07	61.45	1345327.06
2022 08 10
11 18	68764	155		15.95	21840.20	14.73	903.14	61.31	1338993.22
13 45	69864	153		16.22	21925.04	15.03	922.34	61.36	1345966.98
22 21	73076	155		17.40	22443.88	16.09	996.86	61.95	1390745.66
2022 08 11
1 26	74280			17.94	22751.34	16.58	1013.77	61.14	1412556.87
3 29	75428	151		18.12	22744.98	16.83	1043.09	57.56	1409863.25 
5 30	76225			18.60	23108.80	17.27	1070.96	62.01	1432415.15
9 21	77343	155		19.16	23335.87	17.70	1087.69	61.45	1433756.33
13 15	78935 			19.45	23220.10	17.98	1106.75	61.55	1429458.71
15 57	80119	153		19.88	23433.36	18.41	1133.48	61.56	1442350.45
17 43	80913	152		20.06	23450.64	18.61	1145.76	61.56	1443651.53 
		-
2022 08 12
1 06	61742	154		15.06	22984.27	13.92	856.05	61.49	1413547.62
3 24	62517	155		15.05	22645.17	13.89	855.41	61.58	1394981.01
4 41	63340	152		15.26	22756.95	14.13	870.24	61.58	1400716.66
13 15	66912	150		16.06	22723.98 	14.92	922.36	61.82	1405346.78 
22 21	70301 	155		17.16	22985.41 	15.85	994.96	62.77	1442884.21 
2022 08 13
1 39	71893	152		17.42	22899.16	16.15	1012.54	62.69	1435849.70
9 49	75253	153		18.76	23525.06	17.36	1091.28	62.86	1478424.14 
2022 08 14
3 07	82311	154		20.26	23227.07	18.75	1170.73	62.43	1450073.47
		-
6 10	61520	155		15.29	23380.75	14.10	880.67	62.45	1459431.52 
7 40	61939	156		15.39	23317.07 	14.16	884.24	62.44	1455456.46
9 01	62731	154		15.57	23366.57	14.38	897.01	62.37	1457838.17
13 49	64829	153		16.11	23434.98	14.90	930.79	62.46	1463764.18
14 55	65298 			16.14	23321.29	14.94	934.49	62.54	1459019.33 
15 40	65298	156		16.2	23294.03	14.92	933.40	62.56	1457314.01
18 55	66898	154		16.52	23273.13	15.27	950.78	62.26	1448951.09 
20 05	67325			16.51	23118.22	15.26	944.91	61.92	1430896.64
2022 08 15
5 39	71326 	152		17.78	23554.43	16.48	1032.12	62.62	1475271.16
7 43	71700	157		17.95	23529.45	16.55	1021.60	61.72	1452635.26
12 12	73567	155		17.82	22830.09	16.48	1024.83	62.18	1420214.78
17 43	75933	153		18.41	22907.44	17.06	1063.42	62.33	1427803.99 
2022 08 16
7 34	81455	152		19.64	22820.96 	18.23	1134.08	62.20	1419416.01
9 20	81784	156		19.76	22771.24	18.26	1136.15	62.22	1416323.70
14 06	83741	155		20.24	22810.25	18.73	1163.83	62.13	1416906
16 02	84550	154		20.37	22741.90 	18.86	1170.22	62.04	1411051.22
2022 08 17
6 10	90025	155		21.74	22800.63	20.14	1247.59	61.94	1412852.24
17 56	91809	176		21.64	22215.36 	20.01	1227.92	61.36	1363564.79	+3070
2022 08 18
6 07	99669	178		23.58	22282.19	21.79	1334.19	61.22	1364740.04
7 57	101041	176		23.80	22212.74	22.01	1351.47	61.40	1363628.61
9 27	101677	179		24.06	22263.50	22.21	1364.66	61.44	1368319.44
10 21	102300			24.12	22201.87	22.28	1365.38	61.28	1360717.64
11 45	102931	183		24.35	22200.35	22.55	1386.78	61.49	1365111.47
15 30	105516	181		25.10	22366.44	23.15	1396.75	60.33	1349558.42
16 12	106191	178		25.22	22379.42	23.31	1413.59	60.64	1357125.82
21 49	110297	175		25.81	22107.28 	23.91	1453.05	60.77	1343080.49 
22 36	110979	173		26.06	22222.05	24.19	1468.87	60.72	1349379.38
2022 08 19
1 22	112354	180		26.49	22186.99 	24.45	1488.45	60.87	1350613.43
9 47	118596	175		26.24	20915.10	24.33	1472.95	60.54	1266213.83
		6242s8h25m 734sh 17624sd
13 10	120571	178		26.44	20680.68 	24.45	1467.36	60.01	1240736.54
17 10	123385			26.65	20374.82	24.66	1477.65	59.92	1220945.34
2022 08 20
9 23	135327	172		28.68	20087.64	26.66	1612.91	60.49	1215103.96 
13 28	138133	173		29.32	20102.71 	27.24	1646.77	60.45	1215405.99 
16 04	139449	178		29.81	20182.25	27.60	1669.03	60.47	1220214.60
20 11	142162	180		30.39	20170.65 	28.12	1697.40	60.36	1217271.40
22 40	144124	175		30.49	20016.96	28.30	1707.98	60.35	1208198.69 
		-
2022 08 21
10 31	125373	182		26.69	20037.78	24.64	1487.83	60.38	1209860.06
12 01	126772	177		27.14	20219.52	25.14	1517.82	60.37	1220629.45 
22 21	134188	172		28.85	20373.75	26.82	1616.69	60.27	1228292.77
2022 08 22
0 54	135475	176		29.32	20454.29 	27.18	1638.93	60.29	1233355.52
13 08	143011	180		30.40	20078.32 	28.16	1696.29	60.23	1209264.62 
14 46	144232	177		30.75	20169.92	28.53	1723.20	60.39	1218042.94
16 20	145501	174		30.94	20154.99	28.77	1733.59	60.25	1214697.26
17 25	146170			31.12	20177.66 	28.93	1748.78	60.44	1219733.45
23 06	149347	180		31.76	20091.61 	29.44	1790.16	60.80	1222043.96 
2022 08 23
14 03	159013			34.26	20331.02 	31.71	1916.58	60.68	1228798.47
15 40	160348	176		34.38	20296.68	31.93	1932.29	60.51	1228569.04
20 31	163551	174		35.14	20362.45	32.66	1984.87	60.77	1237282.65 
21 04	163551	178		35.16	20334.76	32.62	1983.82	60.81	1236627.70 
2022 08 24
0 28	166032	174		35.70	20377.49 	33.18	2015.81	60.75	1237785.06
2 34	167331 	175		36.15	20461.46	33.59	2039.94	60.73	1242885.14
13 07	173763	179		37.21	20250.58	34.52	2100.02	60.83	1232122.25
15 05	175058	180		37.76	20393.62	35.02	2123.19	60.62	1236497.76
21 33	179485	174		39.02	20608.62	36.28	2199.83	60.63	1249533.56
22 47	180126	177		39.33	20678.64	36.54	2215.17	60.62	1253778.62
23 54	180715	178		39.37	20622.43	36.56	2216.38	60.62	1250371.00
2022 08 25
0 35	181392	175		39.46	20610.13 	36.67	2223.36	60.63	1249624.91 
10 30	187921	174		40.93	20651.92	38.07	2309.98	60.67	1253202.49
16 40	191879	178		41.67	20559.47	38.70	2,349.64	1248423.39
20 18	193999	181		41.91	20419.57	38.85	2,363.75	1242197.77
22 38	196016	176		42.47	20526.84	39.47	2,403.27	1249968.39
2022 08 26
9 06	202709	180	43.59	20340.30	40.44	2,460.71	60.84	1237581.15 ₽
11 38	204033	182	43.92	20340.60	40.71	2,475.99	60.82	1237188.55
14 58	206466	179	43.90	20121.37	40.75	2,478.91	60.83	1224057.15
21 49	210994	177	43.69	19613.64	40.59	2,493.14	61.42	1204665.99
2022 08 27
0 37	-								-5
0 38	186869	176	38.63	19583.97	35.90	2,198.59	61.24	1199479.32
2 28	188091	174	38.22	19265.87	35.55	2,175.22	61.18	1179023.08 
13 46	194864	178	39.55	19216.30 	36.73	2,252.56	61.32	1178513.59 
23 47	201190		40.27	18955.12 	37.41	2,289.54	61.20	1160197.41
		-								-5
2022 08 28
0 03	174310	179	34.95	18964.11	32.43	1,985.25		1161130.76 
3 23	176776	174	35.48	19029.69	33.00	2,022.63		1166492.49
13 49	183066	178	36.75	19000.22 	34.11	2,088.26		1162958.01 
20 32	187551	176	37.70	19046.30	35.04	2,148.15		1167703.12
23 23	189410	174	37.93	18990.59	35.28	2,162.73		1164095.54
2022 08 29
0 08	189410	179	38.01	18986.41 	35.27	2,162.26		1163839.02
6 00	193037		38.29	18770.93	35.54	2,176.85		1149682.05
10 29	195415	183	38.92	18820.99	36.08	2,218.29		1157313.02
16 41	199658	177	40.04	19102.02	37.41	2,282.92		1165714.10 
19 55	201705	179	41.03	19247.71 	38.08	2,353.16		1189387.12
22 16	203110	181	41.12	19146.61	38.15	2,354.41	61.71	1181785.71
23 41	204219	174	41.22	19137.10	38.33	2,383.52		1189901.16
2022 08 30
18 26	217241		42.96	18755.05	39.96	2,464.69		1156669.87
20 59	218671	179	43.18	18696.06	40.10	2,469.05		1151142.04 
23 30	220713	175	44.12	18949.81	41.02	2,527.18	61.60	1167340.36
2022 08 31
4 39	224227	177	45.01	19014.85	41.82	2,548.34	60.93	1158665.48
12 42	229382	186	46.61	19187.52	43.17	2,637.59	61.09	1172288.94
17 27	233670	175	47.52	19282.92	44.20	2,702.03	61.13	1178897.32 
18 32	234349	176	47.08	19041.32	43.77	2,675.93	61.13	1164126.59
22 07	236449	180	47.43	18983.84	44.03	2,697.99	61.27	1163298.23
2022 09 01
0 19	237817	182	48.29	19204.08	44.80	2,734.66	61.04	1172330.76
3 55	240691	178	48.19	18964.66 	44.78	2,744.12	61.28	1162334.64
4 25	241352	174	48.60	19097.75	45.21	2,759.95	61.04	1165839.48
4 36	241352	177	48.70	19119.71	45.27	2,763.12	61.03	1167179.94
7 53	243510	179	48.99	19051.21	45.50	2,772.79		1160880.85 
18 18	250544	183	49.74	18776.83	46.14	2,826.72	61.26	1150233.59 
21 27	253392	174	50.09	18866.37 	46.90	2,857.31	60.92	1149617.53
2022 09 02
1 18	255485	183	51.61	19107.98	47.89	2,927.49	61.12	1164726.42
2 47	257042	177	51.80	19097.05	48.15	2,921.26	60.66	1158656.33
2 57	257042	178	51.89	19121.6		48.21	2,925.01	60.67	1160145.77
3 18	257042	181	51.85	19088.57	48.13	2,918.02	60.62	1157370.50
11 21	262610	182	53.01	19100.88	49.20	2,999.07	60.95	1164293.16
18 34	268206	175	54.55	19290.97	50.75	3,076.03	60.61	1169252.59
21 09	269558	180	53.51	18795.49	49.69	3,009.60	60.56	1138270.85 
22 12	270249	181	54.17	18977.49	50.31	3,044.50	60.51	1148525.95
2022 09 03
2 22	273771	174	54.71	18956.23 	50.91	3,084.34	60.58	1148580.25
6 04	275881	180	55.17	18936.93	51.24	3,111.66	60.72	1149898.83
18 15	284402 	182	56.61	18836.60	52.55	3,204.59	60.98	1148755
21 57	288121	179	57.08	18768.31 	53.05	3,230.97	60.90	1143262.95
23 00	288836		57.04	18711.43	53.02	3,222.22	60.77	1137340.37
2022 09 04
0 59	290188		57.49	18765.46	53.41	3,246.63	60.78	1140623.98
5 19	293182	182	58.24	18802.73	54.08	3,295.95	60.94	1143459.59
17 21	302566	167	59.56	18687.06	55.46	3,365.93	60.69	1134159.35
21 13	304587	176	60.53	18820.10 	56.22	3,414.82	60.74	1142994.74
23 18	305988	188	61.04	18892.40	56.70	3,438.56	60.64	1145667.48
2022 09 05
18 50	319882	172	63.69	18868.03	59.21	3,605.59	60.89	1149146.89
2022 09 06
1 45	325352	170	64.49	18795.88	59.98	3,678.70	61.33	1152730.14 
3 48	326912	171	65.39	18959.38	60.79	3,721.73	61.22	1160649.50
14 16	334935	169	66.99	18942.62	62.24	3,810.96	61.23	1160006.22
20 42	340411	164	65.15	18154.72	60.62	3,732.98	61.58	1117994.67
21 32	341117	162	65		18083.94	60.51	3,726.14	61.57	1113635.94 
										-10
2022 09 07
1 16	286972	168	54.53	17997.71 	50.66	3,115.14	61.49	1106688.66
3 01	288441	167	54.42	17871.11	50.56	3,115.18	61.61	1101071.31
5 54	290688	166	54.33	17712.59	50.51	3,119.77	61.76	1094168.76
6 52	291412	167	54.65	17770.33 	50.79	3,139.27	61.80	1098274.23
10 35	294471	165	55.29	17808.16	51.44	3,180.55	61.83	1101151.66 
20 54	301793	172	57.35	18006.80	53.30	3,276.07	61.46	1106702.28
22 17	302558	175	58.11	18183.15 	53.96	3,329.07	61.69	1121766.49
2022 09 08
0 23	304770	168	59.20	18430.14	55.10	3,385.59	61.44	1132534.37
4 28	308019	169	59.54	18334.86	55.39	3,454.38	62.36	1143354.46
6 29	309562		59.62	18271.83	55.48	3,449.10	62.16	1135915.83
16 38	317341	163	60.64	18124.15	56.42	3,477.55	61.63	1117211.01
19 03	318969	167	61.59	18293.83 	57.23	3,517.69	61.46	1124342.69
21 31	321373	161	61.82	18256.46	57.55	3,541.05		1123337.43 
2022 09 09
2 16	324519	169	62.84	18339.45	58.37	3,596.10		1129741.22 
4 52	326875	164	63.33	18371.81 	58.90	3,623.24		1130064.07
15 25	334861		70.33	19936.83	65.48	4,007.77		1220187.79
										-5
16 19	309351	172	65.30	19988.88	60.66	3,709.35	61.14	1222461.43
22 03	313802	169	66.54	20099.18	61.86	3,788.48	61.24	1230832.07
2022 09 10
0 38	316001	166	67.27	20193.02	62.59	3,849.29	61.5	1241883.97
4 46	318900	167	68.07	20243.88	63.33	3,883.52	61.32	1241534.28
8 03	321078	170	68.93	20343.84	64.07	3,920.92	61.19	1244991.64
21 12	330595		70.73	20271.75	65.74	4,029.49	61.29	1242628.67
2022 09 11
4 46	336352 	168	72.81	20525.83 	67.72	4,144.20	61.19	1256128.95
5 25	337130	165	72.90	20526.95	67.88	4,160.18		1258064.83
6 49	337897	168	72.94	20466.40 	67.84	4,151.17		1252492.38 
10 31	340817	165	73.53	20471.78 	68.44	4,188.15		1252821.32
22 16	349144	172	75.64	20523.54	70.29	4,302.03		1256196.29 
23 10	349925		75.90	20578.61	70.63	4,323.24		1259567.08 
2022 09 12
2 10	352386	171	76.54	20579.27	71.13	4,360.96		1261687.32 
3 17	353212		77.29	20735.62 	71.84	4,407.31		1272110.73 
3 55	353957	167	77.06	20648.84	71.69	4,401.73	61.39	1267830.66
8 48	356711	179	77.87	20656.10	72.27	4,430.25		1266188.88 
13 02	360372	171	80.03	21054.62	74.42	4,547.02		1286362.45
										-5
13 07	336173		74.69				69.43	4,241.69
14 32	337522		75.13
15 57	338296	170	75.76	21235.00	70.47	4,300.77	61.02	1296095.47
18 32	339634	176	76.04	21194.78	70.60	4,326.72	61.28	1298781.01
2022 09 13
5 03	347436	172	77.42	21117.80	71.97	4,469.67	62.10	1311562.20
	7802s11.5h 16282s24 2.86-2.88usd24
7 17	348870		77.65	21093.44 	72.18	4,418.02		1291078.56
8 55	350332	170	78.70	21299.81	73.19	4,486.61	61.3	1305647.39
9 34	351115	166	78.81	21305.12	73.38	4,497.02	61.28	1305757.45
10 57	351794	172	78.58	21166.12 	73.04	4,464.51	61.12	1293816.17
18 29	357325	167	74.81	19866.77 	69.63	4,252.10	61.06	1213186.58
2022 09 14
4 33	364662	166	74.03	19267.66	68.92	4,189.04	60.78	1171149.37
5 35	365402	167	74.76	19415.53	69.58	4,274.06		1192497.88
9 45	367515	178	74.72	19243.28	69.37	4,235.40		1174918.03
13 45	370568	179	75.74	19343.37	70.31	4,266.52	60.68	1173796.75
16 43	373701 	169	75.69	19212.52 	70.43	4,279.18		1167409.55
2022 09 15
7 43	385468	165	77.18	18994.20	71.82	4,365.20	60.77	1154528.05
9 09	386253	169	77.96	19132.23 	72.49	4,403.68	60.74	1162337.43
9 37	387013	161	77.83	19096.21	72.49	4,403.32	60.74	1159956.19
9 51			167	77.9	19087.96 	72.46	4,397.75	60.69	1158490.74
pos
12 17	388147	164	78.26	19127.34	72.82	4,418.99	60.68	1160687.82

время	сатоши	реш $		курс адв	суммав	рубли адв	курс	ценар		доходность
16 20	389034	162	78.28	19105.45	72.91	4,410.77			1155884.20	39$ rvn
20 55	390709	168	77.87	18922.38	72.52	4,396.10	60.61	1147102.69	23 rvn
2022 09 16
8 20	392335		77.74	18815.61 	72.41	4,394.61	60.69	1141961.52	21 rvn
8 55	392335 	172	77.61	18782.73	72.28	4,381.78	60.62	1138627.45	23.37 rvn
9 47																			21.8
11 53	392782		77.36	18699.81 	72.05	4,379.09	60.77	1136633.58	20.25
12 39	392900 	171	77.59	18751.98 	72.27	4,395.56	60.82	1140562.86 	20.59
19 21	393040	169	76.91	18582.37 	71.64	4,370.38	61		1133626.31	

https://ethw.2miners.com/ru/account/0x3b2DE2Ef3240356731096410f57dD0791d240937

2022 09 16
8 53	393040		78.09	18865.53 	72.73	4,446.53	 61.13	1153379		18.79

		неп		к выпл		за сут 		прогноз день
8 55	0.00068	0.025924	0.026604	0.025891		*10,37 $
							0.27$ день

https://kryptex.network/ru/ethw/miner/stats/0x3b2DE2Ef3240356731096410f57dD0791d240937
11 20
12 55	0.00244651 (0.03914416 день

2022 09 18
6 34	393040	169	78.68	19008.99	73.28	4,461.09	60.87	1157155.36 
2m				0.031016
kw		0.03598260	
7 59																			17.9..18.14
2022 09 19
12 38
kw		0.10000220	
13 48	0.10030073
19 41	393155	167	75.48	18233.63	70.32	4,270.42	60.72	1107376.40	
2m		0.000697	0.0481
2022 09 20
5 45	0.000932	0.074875
5 55 	393155	167	76.51	18480.63 	71.27	4,332.59	60.79	1123498.1	16.27
16 13	393155	171	75.13	18145.90	69.98	4,266.85	60.97	1106449.67	15.99
2m		0.000546	0.102715	=0.103261
16 24	0.000274	0.102987	=0.103261
16 45	0			0.103261

rvn 2m						day			rub
20 34 0.6435	4.442625	15.768330 37.25
2022 09 21
7 16	0.730125	11.6325	
2022 09 22
9 28	393317	173	74.07	17881.18	68.98	4,247.47	61.57	1100968.97 	18.11
23 08	393317		76.16	18375.72	70.89	4,298.32	60.63	1114149.31	17.48
2022 09 23
12 53	393418	167	74.87	18073.44	69.74	4,185.71	60.0	1084680.54	16.71
2022 09 24
21 36	393418		75.05	18116.81 	69.91	4,125.81	59.01	1069159.20	16.96
2022 09 25
14 43				75.14	18138.70	70.00	4,115.23	58.78	1066418.12	
2022 09 26
3 13 etc+kas
3 59 
kas	4.9661	
etc	0.000101	0
18 56
kas 60.816
etc 0.000155	0.008735
14h 12.24kas 0.008479etc
0.00438011 0.0536125464usd 28.20 0.2391078 =0.2927203464 0.5018063081142857$24
20 35 rad 
2022 09 27
12 28 rad
pool.rplant.xyz	62.401	39.6487	676.99 MH/s	516.18 MH/s
15h 99.8416day 0.10169366168$24 6р день 183р мес
12 35	393418	167	79.13	19100.35	73.70	4,386.30	59.51	1136660.12	
13 14 rxd
1.88 GH/s	535.67 MH/s	 42.9232 RXD	66.7117 RXD
13 31	2.35gh	564.55
		45.2842		67.4359 
23 34 pl69
rxd		193.3517	49.9582		100.5986
2022 09 28
10 54	3.012	77.4357	320.4664
11.5h 343.9085-400.9141=57.0056	24=118.9682086956522
*0.00097121 =0.1155431139673043$ 24 *30=3.46629341901913
2 30 stop
3h 456. 0.442915270208 d 13.28745810624 m
11 02 rxd start
13 30	 40.9719	80.4477	320.4664
441.886-=40.9719
2.5h	393.33024 24	0.3820062623904$ day	11.460187871712 m
13 33	393418	167	74.59	18005.76	69.49	4,144.05	59.63	1073886.57
2022 09 29
19 34	358578	167	68.74	18205.19 	64.03	3,746.43	58.51	1065176.09 
21 38				69.08	18295.66	64.35	3,767.65	58.54	1071209.33
2022 09 30
0 28 rad start 0.3008	18.5361	428.1627
2022 10 1
2 01	358578	174	69.54	18414.01	64.77	3,877.76	59.86	1102514.82	16.19
2022 10 3																		erg
23 14	358685	167	70.17	18578.14	65.37	3,854.05	58.95	1095445.64	30.83 
VTRM 	T:\cc\VTRM 	G:\home\Internet\0-CC\VTRM
https://pool.rplant.xyz/	v8tegMVsVroXp7ABnw7VRX4v2ZwuDCAvzN
23 17	3.6771 VTRM	0.8622 VTRM	Уплочено: 2.2933 VTRM =6.8326
2022 10 4
2 23	359061	170	70.35	18595.87	65.49	3,859.77		1095927.10	29.84
3 36	359412	168	70.63	18656.88	65.78	3,875.57		1099334.62	24.64
12 55	360690		71.98	18946.60	67.03	4,005.96	59.76	1132297.10	18.26
		1629с 10.5h 	3723s24 46rd
12 59 VTRM	0.5617 VTRM	Уплочено: 6.219 VTRM =6.7807
13 57	360804	167	72.14	18987.34	67.20	4,004.31		1131469.71	
21 41				72.39	19055.03 	67.44	4,009.04		1132807.58 	19.15
2022 10 5
2 22				73.26	19281.37	68.24	4,055.97		1146068.96 	17.16асс 16.21
2 26 VTRM	Баланс: 0.5617 VTRM	6.219 VTRM =6.7807
4 11				72.93	19195.49	67.94	4,037.21	59.42	1140770.18	
18 29				72.07	18969.89 	67.13	4,105.10		1159951.02
20 00				73.12	19244.49 	68.10	4,183.11		1181992.70
2022 10 6
3 06				72.80	19162.18	67.82	4,165.90		1177130.82	21.99erg
4 03			169	73.50	19340.19	68.45	4,202.52		1187479.88	18.84
4 05 VTRM	Баланс: 0.0488 VTRM	Уплочено: 7.4902 VTRM	=7.539
4 21	0.2473	0.0488 	=7.7863
19 14	3.0224 	1.0368	8.6774 =12.7366	+4.9503 15h 7.9m24h e=50.196rd 1m>6.35r=0.1$

19 18	360941	167	72.06	18961.02	67.13	4,114.90		1162282.73	20.47erg
20 46	361043	168	72.58	19085.62 	67.59	4,139.70	61.24	1168956.38
2022 10 7
1 00	361567		72.10	18930.08	67.13	4,104.47	61.14	1157325.54	19.4
3  35	361929		72.53	19027.08	67.54	4,126.89	61.10	1162486.53	19.39
VTRM	0.5658 	1.1558 	11.0886 
4 53	362046	168	72.47														17.51
6 23	362150	169	72.60	18996.79	67.48	4,118.75	61.03	1159484.18	17.24
	1209s 11h 2637s24 0.54$ 16.2$m
19 35	363791	168	70.46	18389.19	65.62	4,101.23	62.49	1149343.78	19.02
	1641s 13h 3029s24 0.4$ 12$m
VTRM	0.3391	12.4712	=12.8103
2022 10 8
13 17				71.02	
23 12				70.88	18498.25	66.00	4,152.23	62.91	1163637.45	
23 31																			16.77
2022 10 9
12 35	363791	167	70.63	18433.13	65.78	4,136.28	62.88	1159168.72	11.93
2022 10 10
2 13			168	70.57														16.89
6 21		
2022 10 11
3 56				69.21	18061.66	64.45	4,112.85	63.81	1152600.70	15.34
22 20				69.14		
2022 10 12
3 34				69.51											14.03erg 11.86rvn
2022 10 14			70.64											14e.33	 11.75
0 35				70.63										erg 14.08 9.74=2vga
14 17	363941	183	71.67	18694.28	66.74	4,257.98	63.79	15.53
2022 10 15
7 55			185	69.89											13.6
2022 10 16 3070+3062 365w
8 21																10.18
11 08	364316	176	69.77	18181.80	64.97	4,038.50	62.15	1130135.	
2022 10 17
6 31	364816		69.97											10.
12 37				70.38	18318.60	65.55	4,098.06	62.51	1145230.16	
14 21				70.72													10.26
2022 10 18
0 21				70.56	18364.83	65.72	4,117.29	62.64	1150605.46 
2022 10 20
7 28				69.86	18183.67	65.07	4,150.32	63.78	1159835.02	9.51erg
2022 10 24
10 07			177	70.49	18347.62 	65.65	4,096.18	62.39	1144706.36	9.46erg
2022 10 25
20 03			176	72.21	18795.29	67.26	4,203.61	62.49	1174726.01	9.10erg
2022 10 26
10 30				73.82	19212.33	68.75	4,282.98	62.29	1196908.33
15 23				75.21														10.5erg
3070+3062 365w ((4.45*24=106.8rkw)*30=3204rkwd) 30=1169.46r.365 24h=39r.365
2022 10 27
8 51				76.14	19815.81	70.91	4,427.54	62.43	1237307.73	
10 44				75.65														9.84erg
16 00				75.64	19681.62	70.46	4,371.85	62.04	1221172.32	

16 07	-0.0001832	71.84
2022 10 28
0 42	0.00346666	70.58	19335.28	65.75	4,087.97	62.17	1202222.97	9.55
2022 10 29
18 47				72.35	19815.97	67.39	4,184.15	62.08	1230509.23	(70e60k
19 09																			9.98
2022 10 30
17 25			181	71.80
2022 10 31			71.49														9.45ek
11 32				71.13														9.79erg
2022 11 02
13 50			15	70.77	19380.08	65.90	4,112.76	62.40	1209513.11	9.03erg
2022 11 02
13 56			15	70.30	19252.47	65.46	4,106.19	62.72	1207580.19	9.67erg
2022 11 05
6 14				74.24	20330.82	69.13	4,322.21	62.51	1271109.07	11.83erg
	233w 747rm 11.83=759r =+10rub
7 14																			11.11
10 15	346935	17	74.28														10.98
20 16			16	73.91	20223.42	68.82	4,303.41	62.53	1264598.33	12.47erg
	106.8*.230=24.564*30=736.92 12.47=798 +62r
2022 11 06
6 55	347478	15	73.87	20187.14	68.81	4,299.55	62.48	1261492.11	10.90erg
	10.9=697r
16 25				73.76
2022 11 07
5 02				72.94														11.11
kas		0.1528	0.4616
etc		0.101623	0.000154
7 23
etc		0.101878
14 31			16	72.16
kas		42.2602	0
etc		0.101878	0
2022 11 10 
0 18				56.02
15 21				57.62														8.49
2022 11 13
4 38	347626	15	58.55														9.12
22 52			16	57.47														7.89
2022 11 14
18 53	347750	15	57.41														9.2
2022 11 15
7 52				58.24														7.95er
23 55				58.48
2022 11 17
8 51			15	57.57														8.69erg
2022 12 01
12 36	314056	6	53.74														11.35 erg
2022 12 04
21 48				53.84														10.2 erg
2022 12 04
16 23	314488		53.51													  11.63	erg					












































































































































































































































































































































		












	

















		
































		
	
		












		
		
		
		

		



























		




















































































































































































 









































	

















duco
2022 02 07				≈ USD
8 27	20.3568394129	0.0208
2022 02 08
5 15	20.6252681227	0.0219		227.99 H/s
14 02 2022
16 16	69.3372280819 







https://rvn.2miners.com/ru/account/RE8rhkTdQEojC6hz8RWhmePdHezyLyR9G4
12 02 2022
		к выпл		непод
12 09	1.695375	1.324125
15 58	4.92525		1.522125
12 02 2022
23 06	12.30075	1.670625	25.37md
13 02 2022
13 20	25.133625	1.089	14.24h 21.61md
14 02 2022
13 14	45.280125	1.26225     20.14md
17 02 2022
22 30	16.95375	1.287	71.973 3d9h16m 81.26h 0.886h 21.25d
	800rvn=44wmz mchange 1.16875wmzd*75=87rd 2610rm oku=1y9.5m  0.055wu
	1631=100wmz bitok.me		0.0613wu
	250rvn=14.04advusd sova.gg 0.05616aur
	400rvn=24.47 nicechange	0.061175aur q4.5875r=1rvn
	321rvn=18.8 tiptopobmen	0.058566aur q4.2056r1
19 02 2022
4 48	47.718			1.794375 
22 04	65.995875		1.571625
	400rvn=23.89au nicechange
20 02 2022
18 39	85.72162		1.21275
21 02 2022
3 00
4 58	2.1285		1.893375
	321rvn=18advu tiptopobmen.com
			1309.82qr
			1392.33advr
22 02 2022
2 35	0
5 19	3.427875	1.65825


		











	
	
















https://eth.2miners.com/account/0x94dc271aa568a199ff3b976e10f2035c777df5ac

Unpaid 		Last Share				Current		Average 	Reported 
Balance		07.02.2022 20:48:35		Hashrate	Hashrate	Hashrate
0.000031							87.26MH/s	14.54MH/s	31.61 MH/s
0.000047
























	
		
		
		
		

























